   -1.715302  -11.050885
  -13.656752   -5.205297
    9.573766   11.642886
   15.280723    2.690035
   -6.286544   -8.785137
    1.921166   17.186413
    1.149403   -6.893997
  -10.980597  -14.804590
   -9.565987  -10.394006
    8.252066   10.056955
   16.572236    8.193802
  -14.851768   -6.717303
   -8.270629  -10.661665
    7.475338   14.943134
  -11.888912  -10.084843
   -6.765522   -3.227580
    6.202495    4.353243
   -4.843218  -17.533265
   -9.306100   -4.567537
  -12.998267  -13.330211
   -6.889854   -2.925738
    2.758872    3.553766
    9.333729    8.642241
  -18.948856   -2.084503
   -7.753807   -9.432144
   11.597587    8.482906
    6.809150   18.985479
   -6.157412  -13.552281
   10.007231    1.558322
   12.222736    9.793156
    7.423596    6.350813
   -3.970170   -5.927473
   -3.274235  -14.413501
    9.698676    0.407401
   -9.151388  -14.279252
   17.675974    5.037175
   11.041098    4.099758
   11.572000    3.658267
   -2.838030  -11.701792
    6.627613   19.646788
   18.424232   10.128815
   16.105035    7.125223
   10.660552    7.848392
   -9.939259   -9.247918
   -6.016843  -16.209294
    9.933888   13.205878
           ?   -7.272617
  -13.407181  -11.562918
    5.461756    8.989457
   -5.508456  -10.082049
   -5.824204  -18.919407
   -8.994169  -12.411641
   -7.509766  -18.899984
   13.631784    4.109950
  -14.516818  -11.589232
    6.409364    7.341581
  -12.377236  -20.172626
   -1.246100   11.303272
   -6.263852  -14.649626
    3.894675   13.466281
   13.307991   12.849116
    7.807492    5.105253
   -9.500974  -11.167369
  -12.795610   -9.141395
  -16.692811  -18.706051
  -21.509196  -13.380406
    5.114133   14.931407
  -12.711084  -16.734098
  -12.256162  -17.273380
   -6.430946   -5.513662
    8.428342    5.201850
  -11.360973  -12.655063
   -4.505172  -11.265034
           ?  -12.887052
   -7.032675  -13.990256
  -21.817290  -15.944073
  -13.955200   -7.602214
    9.607845   12.227664
   -6.779163  -16.509382
   14.199125    6.346480
    4.550906   12.091017
  -12.699645  -13.065570
    5.693963    2.145333
  -13.088123   -7.411445
   -8.704775   -9.673800
  -12.374312  -17.702273
   15.322658   10.962030
   16.848206   10.526907
   -2.048874    3.488048
   13.408821    8.634220
   -5.794218   -7.344787
    8.716800    8.431461
    4.464624    7.372131
    9.245924   11.373376
  -16.347291   -8.571040
  -12.665012  -19.834174
  -16.268320    6.739712
   -4.293986  -17.408238
   -7.813821   -8.009982
    4.498554    9.916583
  -10.802814  -12.387043
   19.319226   10.436740
   -9.812864   -8.789517
  -15.158885  -10.867257
  -13.697307  -11.138988
  -17.047701   -3.346626
  -14.191749   -8.520966
   10.577227   18.526769
   10.295229    9.681179
   10.319363    2.784935
  -15.610719  -10.480320
   11.631240    8.457403
  -15.108067  -10.194313
  -15.977519  -15.146126
   13.681984    8.659018
  -11.294548  -11.114688
   -6.788176   -5.108165
    9.846596   17.196335
   15.248882    1.218450
   11.241309    7.568049
   10.559664   13.685112
  -16.155172  -21.879037
   -9.215682  -12.700964
    5.102222   10.396678
    9.305914    9.608964
   -5.524092  -14.045531
    5.301819   15.596091
   18.747115   14.640319
   -1.062434    8.853438
   -4.735330  -10.612700
   17.334562   15.106395
  -19.428277  -17.560533
   -2.979143   -3.938266
  -12.579267   -7.030413
  -10.458505   -6.810612
    9.106865   11.821259
   15.126754   11.448250
  -12.305872   -2.045373
   -9.592158  -10.318651
    9.188047   18.885757
  -11.462951  -15.356862
   -7.361762  -10.518140
   -5.979349  -15.249614
  -10.652188    0.368580
    3.443853   -4.742799
    5.118712    9.421546
    7.134399    8.981203
   19.568905    2.468799
   -7.374159   -4.118005
   11.785643   14.629911
   13.334439   10.568712
    8.506193   18.619824
   -7.705358   -7.459396
  -17.390217  -17.443983
   11.666449   10.650577
   -7.530103   -9.058088
  -18.373018   -7.832897
   -4.697031  -17.633427
  -10.300024  -13.360080
   -9.885661   -5.567788
    8.642527    8.628790
   12.583833    4.739004
  -11.097290  -12.890716
   -8.072360   -9.268716
   21.933162    2.193744
   13.481987    8.220695
   -6.567612   -3.973048
    8.456151   10.734253
  -10.111806   -9.152972
    8.959906   20.981493
  -13.879385  -11.346735
  -15.128419  -11.678958
   -8.170927   -8.179450
  -11.302254  -10.389550
   -4.284925  -12.457380
   18.545916    7.753128
   -2.272648  -18.234973
   15.091572    5.013636
   -9.471165  -11.319265
    6.819885    7.487644
  -11.456055  -13.395501
    8.240240    8.852751
   10.471414    6.834673
    0.926823   20.685041
   13.658449    8.948186
   11.625221    7.403433
  -16.815437  -10.819515
    8.793545    9.713084
   -4.208358   -9.489173
   -1.881043  -10.563110
   16.332802   19.513829
   -3.838810   -8.132966
    1.801791   10.568467
   -9.739262  -21.159726
  -20.110806   -8.690377
  -11.814262   -9.776175
  -16.814779  -13.615908
  -11.496318  -13.510476
    6.057035   11.854061
   10.505391   12.844938
   -7.710590   -8.060393
    5.914712   11.104537
   -4.424644   -0.740154
   12.885795   11.234957
           ?   -8.086921
   16.759819   17.399311
    9.196769   12.099176
  -11.489894  -14.076220
  -12.063946  -10.242311
   17.010756   13.767058
   -6.470592   -7.312748
   -9.808519  -10.756211
   -9.782572  -19.200953
  -17.125065  -15.512625
   18.510389    8.423796
  -16.091049  -16.751736
  -12.824845  -17.132105
           ?    3.661100
  -11.666557  -17.525326
   -2.841101    8.383859
   11.955214    7.762059
   17.173841    3.529743
    5.230418    7.078499
    6.323189   13.328932
   -1.129456   22.732974
   11.912721   15.354400
   11.808539   16.346367
    2.409240   20.595838
  -11.874951  -15.378618
   -6.976925    0.883450
  -13.037693   -7.484612
   -5.653008  -10.434489
  -11.853744  -19.755372
   15.319385   15.660872
   -7.718977   -8.459119
   13.367555   14.204703
    9.836838    2.121505
  -11.002952   -5.226920
   -5.463210  -10.318095
    6.042445   16.595572
           ?  -19.570328
   -5.882805  -12.655745
   -0.647850  -18.152913
    2.163239   11.495674
   -8.186003   -9.385925
    0.559775   10.498323
  -10.992042   -3.251738
    1.214004   16.836182
   -7.919512   -8.688736
   16.726840    8.354104
   -3.387978   -6.915686
    2.496017   17.630150
  -11.062394  -11.172708
    9.567641    5.903526
  -10.465916  -18.052282
   -9.924214   -9.128594
   -8.722536   -6.898392
   14.429995    0.268683
    4.768957   -5.785989
  -11.385723    0.832601
  -19.992386  -15.774359
   20.264572    9.550459
  -10.102379  -17.966710
  -10.845315  -15.054253
   13.979284    9.202104
    9.145798   13.404052
    0.993337   12.498629
   17.288832    9.103531
   16.640666   14.242297
   11.493229    5.944679
    5.272822    0.529648
  -10.767677   -9.549951
   -5.644205  -11.703196
   17.706076   11.571643
    4.334962    8.905154
    9.548744    3.969141
   -1.962287    9.217868
   15.977376    3.263588
  -12.621062   -4.419333
   -6.058110   -9.380725
  -20.525296  -19.658211
    9.592995    7.370864
    5.370386    4.354493
   13.646401   16.829243
   -9.593086  -10.966948
    1.426272   11.922346
   -4.051902  -14.582233
  -16.577133  -12.635876
   -6.817942  -12.374107
   13.789485   10.187997
    8.542653    3.387573
  -17.868100   -9.723997
    7.402953    9.455525
   -8.368923  -20.235075
           ?    3.643256
  -11.631169   -9.687932
  -11.441328   -9.880780
   -9.827786  -10.594070
   11.154697   18.509058
   15.224973   10.024550
  -11.206941   -5.096417
   14.918030   18.474986
  -12.241583  -12.376356
    8.400341   10.506712
  -10.883190   -7.919224
    3.385539   12.128151
   11.241939    7.779666
   18.360860   12.154500
   12.090828   11.799856
    9.515391    9.369025
    1.820004   20.791167
  -12.331994  -12.813794
  -11.003829  -12.058076
  -26.282957   -9.907785
   15.314427    2.769981
  -15.188596  -12.810086
   -9.178750   -4.218987
    8.012251   16.000752
   -7.486440  -12.659607
    9.565854    8.419000
    6.230245   14.481789
   16.346142    3.272261
   -6.219741  -11.868504
  -13.822712  -10.054181
    1.875226   15.640684
   12.818580   14.282832
    9.079789   15.887540
   11.001938    3.827568
   -5.172859   -2.900330
   14.444438   11.487991
   -2.284084    4.991225
   -9.925833  -11.905181
   -9.227261  -14.389140
  -10.150826  -16.265072
   11.501593   13.838064
   14.495155    3.990379
   -7.510356   -5.705567
  -11.480980  -12.731086
   -8.097366  -10.963588
   10.768733    5.911689
    4.397550   20.697420
   -4.631823   -8.142658
    8.846233   17.274126
   -4.610323   -5.440539
   -9.472753   -0.998042
   -9.909178   -7.468768
  -14.332834  -10.016778
  -22.145204  -13.169107
   10.425204    7.121559
   -1.103345   -5.910846
   -8.403603   -9.872719
    9.472866    9.535266
  -13.570181  -14.911294
   16.381843    8.646742
  -14.240177   -7.789468
    3.830887   10.568502
           ?    9.578152
  -17.119527  -12.623331
   15.073217   14.509085
  -11.709978   -4.760704
    1.026549   13.369308
    9.353314   16.253567
    6.724085    9.674022
  -23.532282  -16.989702
    5.023012    9.713741
   -4.296828   -9.366750
   15.719488    5.438308
   11.889388   -2.587173
  -14.637330   -8.089649
   -2.668600  -10.782203
   -5.799805   -9.248326
    7.709282   10.672163
   13.782427    7.895726
   -7.221021   -4.886383
  -10.593444   -5.146838
    7.473357    9.419993
  -20.196268  -10.343527
   17.895777   10.280736
   -6.693839  -10.069516
    5.150987    2.808463
    8.663078   14.179108
  -13.330562   -4.969477
    5.083084    6.418603
    7.627576    6.890938
   10.603579   10.821702
   -9.625478  -10.120964
   12.065324    6.373251
    6.813396    6.469718
   10.485733   12.747134
  -13.524490   -3.237297
  -11.676345   -9.573002
    4.141286    7.137035
  -15.508446  -17.804865
   -6.461454  -14.435648
   10.215464   15.045109
  -12.603909    1.245476
  -12.667914  -13.190137
    7.648066   20.229111
    5.839375    5.488728
   -0.629499  -12.226447
   -6.405775   -4.463317
   -7.089471  -11.852879
   14.690203   15.054561
   -9.837008  -18.113125
   -8.016852  -11.953254
    7.273870   13.597896
    6.722394    6.710496
   -8.799305   -6.670474
   -6.180333   -8.381395
   -0.516203  -13.799170
   21.527786    0.748817
   15.954757    5.360331
    5.643067    8.533247
    9.837907   13.943554
   17.199377    4.811556
  -25.096793  -22.418914
    9.226717   14.314646
  -11.615925   -6.243697
  -10.841823   -9.411756
  -18.359051  -17.178994
   11.741395    3.021363
    4.904641    1.539933
    5.406066    5.022156
    7.817871    4.542067
    6.100376   14.326723
    6.055552    8.030356
    2.533016   11.421935
   -9.721972    1.534601
  -16.865043   -6.276839
   13.920114   14.656246
   10.464647   12.265833
   16.010052   11.943849
   15.239860    6.385632
   14.608079   13.232395
  -14.264792  -11.930342
  -18.778182    1.541541
   11.699783    7.511702
   -9.363492  -17.157811
    9.953877   17.011613
    5.232620   18.903932
    5.455649    9.481997
  -11.314131  -15.749638
  -12.644762  -14.578298
    6.287957    9.303313
   13.288869   14.906657
    7.111893   12.397592
   -4.368480  -11.114591
   10.385637   14.805634
  -10.229454  -15.236213
    1.857908    5.975299
   11.409980   15.992373
   10.639199   10.999284
   -3.638922   -9.359838
    5.037102   10.635914
   15.297106   16.233075
   10.982466   11.041940
  -13.171690  -11.835567
   14.413340    6.935127
    8.060919    8.217071
  -14.951705   -3.818029
  -18.616782  -10.373555
   14.160258   -0.286595
   11.795924   12.585269
   11.738679    6.673988
    9.385683    5.903439
   17.662546   11.805531
   10.301890   11.256710
  -15.702138  -15.726998
  -18.933716   -3.774158
  -23.462883   -1.658627
    7.716391    5.891412
    9.533744   12.918526
    9.030558   14.840274
    8.677907    7.914333
  -17.501085  -17.756732
   -1.308060  -17.347115
   15.912119    2.763233
   -4.384018   -8.738871
   -7.114098   -1.335474
   12.182001   12.755606
    4.088502    7.532269
    3.963081    4.417993
  -11.728303   -1.773100
   10.728040   16.938500
   14.165519   19.352508
   10.036409    4.619792
  -13.889051   -8.960131
  -14.110215   -9.600691
   15.929540   14.424237
    8.256684   15.110800
   16.157208    8.988966
   20.612656   -2.682900
   -3.425873  -17.966065
   -9.659381   -6.332404
   -7.438619   -6.074490
   -1.077127   -8.606658
   14.069341   10.116014
    7.576341   14.774038
   -0.659269    5.304738
  -11.220873  -13.309437
   -2.547434  -12.663087
    3.327545   18.688713
    9.425080   16.564770
   -4.512395   -2.809387
    8.687806    5.938767
    9.486720    9.593333
   11.692398    8.932176
  -12.204316   -9.733277
  -16.793410   -6.600254
    2.291595   12.349686
   -5.095137   -6.765151
  -12.307893  -17.687779
    9.422393    2.248452
  -10.248822  -14.984378
    8.046279   14.280817
   14.900053    2.227050
   12.984886   11.581126
   -8.781004  -12.052166
   -6.268656  -12.336741
  -11.844057  -13.753185
  -11.258529  -15.545883
  -11.539085   -8.630904
   -5.870538   -9.482372
   12.863757   20.938322
   13.914905   15.953613
   -1.466608   12.847462
    3.045012    7.027113
   -3.532931   -7.588877
  -20.209024  -10.735028
   19.977768   13.908006
   10.918886   13.038552
  -16.676002   -1.000098
  -21.766000   -4.136191
   -6.239308    1.362550
   -2.830126   -1.595206
  -12.584618   -6.860887
  -13.132928   -3.917566
  -10.626560   -8.421684
   -6.412037  -14.273769
  -15.266530  -18.787594
   15.916921   16.498581
   -7.982481  -10.191025
   17.401084    8.826054
  -16.483021   -7.339907
   10.749049   14.051211
    6.479728   12.981250
   13.144901    6.620341
   10.880059   -2.911350
   -3.812074  -14.104226
    3.953774   10.783448
  -14.493124   -9.788493
    5.024305    8.553000
    8.387701    1.376551
   -7.481968  -12.362223
    7.952460   10.919368
    2.973218   11.322434
  -15.799749  -10.771026
   -9.180595   -9.679931
    2.719489   -6.386926
   15.275788    7.321361
    3.708611   22.474434
    4.734770    9.970912
   11.630595    7.733938
   -0.608361   16.957684
   17.038517   16.010255
    4.944154    7.983274
  -10.001115  -13.330937
   11.439210    8.207100
  -11.374142   -6.073094
    9.393086   13.847310
  -18.637026   -4.216463
  -18.599168  -14.066456
   -8.614221   -9.848613
  -16.948700   -8.311988
  -16.254579   -9.432053
   -3.909174  -11.846418
   12.406070   11.762250
   12.668135   11.205212
  -10.591809  -10.434824
  -13.440443  -14.308729
    9.302867    4.246526
    5.500891    0.383498
   19.548625   10.250446
  -11.497934   -5.911872
    9.199656    6.685778
    9.992225    4.628252
  -14.721894  -15.641604
    4.661565    5.415499
  -12.036023  -18.720358
    6.671444   13.663379
   14.627239    0.150468
  -15.311122   -8.485981
   -9.238436  -13.340245
   13.236788    9.658327
   -3.837581  -12.122167
    9.429555   12.051380
   -7.310276   -7.792254
    3.581457   10.806675
   13.555033   12.455158
  -11.878637  -14.753406
    4.609160    2.406774
    8.121313    5.283096
    5.821246    6.993905
  -10.374242  -16.363227
   21.631035    6.787225
  -15.190811   -7.097816
  -15.062852  -12.987845
    8.576068    7.644174
    5.650005    7.734797
   -5.514290  -17.595456
  -18.278985  -11.308539
   -8.189701  -10.682812
  -10.255925   -7.500029
    9.607911    4.968580
    3.504679    1.062545
   -6.609128   -2.252868
   10.150231    6.846099
   12.420502    6.168424
  -16.573815   -5.977038
   11.508774    8.187017
   11.893130    6.676444
   -8.345215   -7.685922
  -14.834256   -8.442988
    5.783016   19.224906
   11.291974    6.064395
   -4.606373   -8.979633
   -7.159701   -0.303396
  -17.561226  -17.648679
    6.521906    9.921830
  -11.053072   -9.594823
   11.911878    9.979886
    1.327653   13.620199
   12.180263    9.598011
    7.039288   16.769853
    2.597216    7.239702
    8.980291    6.311893
    5.398393    2.080566
  -16.904955   -5.035969
   16.822246   -1.230330
  -16.381200   -8.531966
  -13.675528  -11.032796
  -10.378823   -6.373385
  -13.667291  -15.119955
   -0.948982  -10.587920
   12.492230   12.345002
  -17.135396   -1.696847
    3.839885    9.627501
   10.711556   10.225488
    5.231790   10.337259
  -14.693993   -5.793353
   -9.273565  -14.296275
   10.164034    1.756786
    6.257160    9.806910
   10.562474    1.538996
  -16.947364   -9.121962
   -7.099818   -8.511071
   -5.188270   -7.789275
  -16.308146  -13.044129
    1.597322   12.599992
   -7.589726   -9.660473
    2.088577   12.668242
    8.264681   12.629167
    5.527471    5.934359
   -1.653185   11.235890
  -14.363507   -6.837984
   17.673554    9.780702
   -6.935642  -12.850489
  -12.231670  -14.048946
   11.953543   14.254991
           ?    3.526298
   13.377814   15.818154
   -2.936319  -13.805590
    1.007819    6.820068
   10.675617   12.773618
    0.592018   -8.682722
   17.174567   13.915252
   -8.446878  -15.026418
   -8.314725   -6.019811
   -1.109848  -14.950088
  -12.963115   -5.255807
  -10.269255    9.384320
    8.517594   10.305197
    8.282305    1.398798
    5.532039    8.085184
  -11.556802  -13.274820
    1.687445   20.672814
   14.936247    2.277441
    8.800496   15.941692
   -8.618921   -2.314847
   12.786237    9.806708
    9.363299    4.255442
  -14.057533  -10.121792
  -13.134312  -10.030789
    3.907525   18.995794
  -15.035600  -17.379099
  -11.201811  -13.036463
   16.811924   15.212125
    0.526129  -11.884985
  -14.290722  -17.117966
   11.298353   11.767646
   -9.588833   -9.690237
   14.355558   14.241702
  -14.242074  -10.562283
   -5.307367   -8.032164
   19.172470   13.620282
  -12.363116  -14.801962
    7.768854   10.238897
  -13.312802  -13.975937
   -8.528370  -11.535195
  -11.836293  -11.289898
  -13.414891  -15.304086
   -5.258367  -10.504677
   -1.343001  -12.923856
   -4.559066  -10.122744
   -3.158707   -9.360648
    3.016353   15.216261
   -4.657064   -7.844206
  -15.627497  -12.225182
  -12.840078  -11.066690
    8.580731    9.384594
    7.034189    4.613721
   -9.881412   -5.911449
    4.990633    8.609951
   -3.889418    5.218977
  -13.278704   -4.442632
   12.555315    4.149388
   -7.412556   -5.808329
   -9.216124  -10.119334
  -14.545214   -3.523270
   11.793434    8.880777
   -9.846965   -3.570682
   12.191019   14.506672
   17.839425   11.253309
    9.680234   11.071480
    5.857250   15.191330
   -2.404015   -6.688542
  -11.292503  -17.852376
   -4.922010   -6.215914
    7.827819   17.259802
    6.457314    7.253763
   -9.090921   -6.869041
   11.361840    5.742351
    5.323621   10.660982
   -6.414967   -9.389622
   10.992331    3.677403
   -8.009886  -18.662796
   -2.834802   -4.137441
   -5.383682   -8.366800
   16.019496    3.736321
   -3.935296  -12.435947
  -14.536480   -3.830203
  -11.791082  -17.412150
  -12.949378   -1.580260
    9.480637   21.663783
  -10.986768   -7.631352
    7.815466    7.315246
   17.857146   14.200685
   10.137455   14.111602
   12.375468    8.942642
    9.266947    9.805571
  -14.191010  -12.448047
   17.051538   17.055471
   11.996431    8.906907
   14.452779   24.966398
    8.633829    8.669259
           ?   -5.250666
  -11.463799   -9.819336
   -4.252809   -0.558561
  -15.341964  -15.821281
   -2.005537  -18.979941
  -12.253111   -7.255262
  -15.336275   -4.518738
   10.615180   10.421524
    5.049471   18.312163
   -4.589107   -3.377886
   -9.728414   -9.432644
   11.080265   11.046384
  -11.102660  -10.213955
   13.893631    5.680707
    9.637838   13.113328
  -16.922110   -7.020926
    2.778834   17.473992
    9.198666   11.853693
   -8.546561  -17.289195
  -10.483178  -13.015000
    3.824695   15.167047
    6.781477   14.247625
    9.817462   13.982365
   17.040627   15.669891
   12.075678   15.129747
    2.447302   15.830330
  -10.914749   -9.207638
  -18.065144  -14.809979
    5.655545    8.596048
   12.997590    6.105911
    8.480617   14.887904
   12.673007   13.203170
   16.504267   14.563794
    1.931475   -8.965491
    9.492473   18.374054
   -6.056150  -10.730900
  -18.950489   -6.156962
   10.224892    4.248365
  -13.198484  -11.722409
   12.708477    1.035391
    8.430839   10.452520
    7.217239    1.755237
    7.904441   18.034137
    8.817435    9.388516
   10.010505   11.522554
   -1.980372  -15.072855
   -9.732340  -16.060166
  -12.754048   -6.813498
   10.504845    3.898459
    6.659857   17.896596
   11.428691    7.382032
  -16.949947   -3.704938
   -3.631725    9.591726
  -16.077454  -16.363144
   -0.907298  -15.188116
   10.639597   24.489455
   -4.381116   -8.553633
   -9.143571  -18.849492
   -4.693120    1.110244
   11.469137   15.672429
   -4.052262   -8.288632
  -13.822794  -12.078831
   13.386941   13.102698
   -8.517009   -6.683299
   -4.994410   -3.810812
   -5.050415  -10.834289
    4.660105   12.268869
  -15.192540  -12.028943
   -9.695835  -16.161205
   -7.858355  -13.415635
  -10.976885  -15.950194
    4.768171    6.125582
  -12.550379  -13.210337
    8.150132   16.703016
  -10.498695  -11.255144
   -4.614221  -13.120877
   10.508197   14.483000
    6.888664    5.274007
   -6.638417   -9.719444
   -7.474724   -7.393717
   13.685150   15.836042
   -6.494063  -10.497550
   15.547205   15.434593
   25.601778    8.673751
  -13.632590  -16.118712
   -7.312316  -20.241407
  -12.508307  -11.138703
   -6.244813   -8.571646
  -14.301943   -9.318040
  -10.579931  -11.479331
   -8.327419  -15.223849
   -9.991116   -8.358836
   21.426461   10.215243
   -9.948983   -8.600136
  -11.565012   -5.123209
   -9.245898   -2.016178
   19.096147    5.515075
   -7.072639  -16.412935
   -4.642025   -9.799996
  -11.061763  -18.688916
   10.623720   16.166815
    3.051171    3.643556
    7.051452    9.653056
    4.897216   14.077892
  -21.524994  -12.700483
   -4.997813  -13.751130
  -15.352532  -11.681429
   -3.686152   -4.670952
  -13.494995  -13.495284
   14.966370   13.850963
   19.406309   11.727984
    9.186461   11.983165
   11.813511   10.616522
   12.258311   10.945880
   15.103432   12.790199
   -5.595692   -2.999001
   18.554040   15.458426
  -10.545194   -3.740156
    6.699651    9.016084
    7.883842    5.317952
  -10.256916   -4.054345
   -8.678629  -15.133089
   14.882678   14.408331
   12.526515   18.391576
   13.212363   10.374991
   -9.599491  -14.420748
   11.484262    3.377732
   15.916574   13.952877
   -0.835002   10.438021
   -3.821957   -5.498336
   13.276942    8.537864
  -12.180101   -4.683863
   16.070848   12.043316
  -11.476505  -16.675454
   14.267329    8.998862
  -12.578435    0.437278
   13.179293    8.655718
   -8.650844   -4.051608
   -2.646300   -4.279204
    6.626101    6.707292
   -1.359928    1.334873
   13.237372   -2.833883
   22.572173   16.493212
   12.960849   10.880852
   17.232894    7.495306
   -7.554870  -12.868276
  -17.938843   -5.125104
    6.193104   11.841931
   -1.007079  -14.437267
   16.053506    7.594507
   -6.951214   -2.069380
   18.065763   15.265006
   -2.892321   -9.576640
  -20.330348  -16.848112
   13.079296    3.730577
   13.126400   17.840379
  -10.689028   -1.283282
   -9.274649   -5.073294
   -5.173130  -17.300005
    9.802994    9.862370
  -10.904120   -6.010410
   -0.573101   -7.756671
    4.385672    3.213710
   -9.312268   -5.992779
  -15.711778  -15.899687
  -12.470437   -7.470251
  -14.063832  -10.824011
  -13.046661  -15.262728
  -11.891839  -11.283323
   -2.694188    7.298796
    1.710595    9.997195
    8.267212   -0.425913
   10.503167    5.731433
   14.840480   13.014305
  -12.189025   -6.496437
   -4.132928  -10.684711
  -12.463594   -1.583878
  -18.029017  -12.645605
   11.191321   15.833653
   -7.977381   -6.977109
           ?  -14.736095
   14.599953    1.748120
   -7.319749   -8.566090
    2.765136   10.777318
   15.774017    7.818567
   -8.111202   -8.044152
    8.416748   13.621717
    9.677524   11.595750
  -12.873045  -12.015830
    8.219064    9.236508
  -11.990556   -4.037010
   14.279110   10.868114
  -10.770404  -10.901117
   -1.791060    5.256722
  -15.016972   -8.132716
   -4.617233   -5.319778
    7.368589    9.798288
   11.722198    5.641947
  -17.013692  -15.571209
  -11.335925  -12.059920
   -9.719946  -19.280429
   12.417064   -1.453716
   -2.681272   -8.413843
    9.210341   17.111039
  -13.897471  -11.117612
   -7.249796   -7.786517
   14.802073    9.477544
    2.547959    5.339125
    5.052387    8.812512
   11.804542   11.131861
  -23.500034   -5.210359
   -9.115112   -9.812848
   12.946380   14.701790
   -6.983586   -7.650715
   11.273285    7.844666
  -12.863567  -18.714327
   12.791938   15.703510
  -11.262654   -8.662494
    4.065050   13.116867
  -17.776217  -16.387395
    9.310775   17.987730
   10.893009    7.699548
  -16.054252  -12.273956
    8.918446   -3.025250
  -13.194084  -15.692728
    8.828175    5.049602
  -12.035746  -15.723092
   -4.994232  -16.811548
    9.188492    9.805400
  -12.525424   -5.474885
   10.950418   18.136410
   -5.531913  -12.885402
   19.442232   12.192596
   -8.812814   -3.643815
    3.600117   16.446418
