EXPERIMENT
==========
2023-10-03 19:53:35

Tagaki-Sugeno-Kang neuro-fuzzy system with gaussian fuzzy sets in premises and product t-norm and fuzzy c-means (FCM) clustering algorithm
TSK
number of rules:     4
number of clustering iterations: 1000
number of tuning interations:    1000
learning coefficient: 0.0005
partitioner: fcm
train data file: C:/Users/kwnuk/source/repos/vnuczek/neuro-fuzzy-library/data/exp-lab/train.txt
test  data file: C:/Users/kwnuk/source/repos/vnuczek/neuro-fuzzy-library/data/exp-lab/test.txt
normalisation:   false
RMSE for train data: 0.286772
RMSE for test data:  0.524991
MAE  for train data: 0.188835
MAE  for test data:  0.288022
fuzzy rule base creation time: 4716 [ms]


fuzzy rule base
RULE 1

rule
t-norm: product t-norm
premise: 
premise
desciptors
1: 
descriptor: gaussian
   c == -0.871941
   s == 1.25659

2: 
descriptor: gaussian
   c == 10.2305
   s == 3.4637


consequence: 
0.117649  -0.0182499  9.49418  
quality: -1

RULE 2

rule
t-norm: product t-norm
premise: 
premise
desciptors
1: 
descriptor: gaussian
   c == 10.4938
   s == 3.13667

2: 
descriptor: gaussian
   c == -0.821871
   s == 1.35434


consequence: 
-0.0176819  0.0835341  9.45922  
quality: -1

RULE 3

rule
t-norm: product t-norm
premise: 
premise
desciptors
1: 
descriptor: gaussian
   c == 10.9145
   s == 3.19813

2: 
descriptor: gaussian
   c == 9.78159
   s == 3.02855


consequence: 
0.0198938  0.00912539  0.675941  
quality: -1

RULE 4

rule
t-norm: product t-norm
premise: 
premise
desciptors
1: 
descriptor: gaussian
   c == -0.409757
   s == 1.15472

2: 
descriptor: gaussian
   c == -0.449609
   s == 1.66926


consequence: 
0.0303635  -0.134292  0.704232  
quality: -1




train data
expected	elaborated
===========================
9	9.04443
9	8.93318
8.99909	9.23197
1.00148	0.852818
1	0.831794
8.99945	9.30608
1	0.992058
1.3369	1.57191
8.99894	9.17129
1	1.00221
9	8.92908
8.99755	9.23766
9	9.03713
1.23	2.02782
8.99992	9.24494
1	1.08829
1	1.01944
8.77177	8.53905
6.41724	5.99531
1	0.952613
1	1.03222
9	9.21736
9	9.03563
1.4865	1.79658
1	0.96521
1.00019	0.818679
2.62244	3.62022
1.0813	0.895783
1	0.872421
9	9.06681
8.99998	9.21381
9	9.03683
1	0.929359
9	8.84888
9	8.72659
1.00017	0.903354
8.27446	7.75778
9	8.82132
8.95605	8.88877
8.9944	9.21869
1.00006	0.829458
7.95099	7.09091
8.56425	7.90191
8.99999	9.1795
9	9.00596
9	9.23313
1.89493	1.90186
8.99797	9.32395
9	9.07193
8.24969	7.9079
6.25655	5.55207
1.00878	0.927056
9	9.18578
1	0.981065
3.33438	3.79559
3.31678	4.05994
9	8.94622
1.04735	1.01865
1	0.931417
1	1.05233
1	1.00553
1	0.927649
1	0.930333
1	1.00114
9	8.64949
8.99987	9.1497
1.1597	1.33106
1	0.999057
1.00001	1.01029
9	8.93939
8.99996	9.2577
9	9.04939
9	9.17212
1	1.08871
8.98843	9.14247
1	0.978116
1	1.01635
8.05521	7.18001
9	9.00539
1.00001	0.872831
1	1.23935
1	0.9275
4.06323	4.76084
1.00046	0.921289
1	1.07009
1	0.909298
7.05361	6.96524
1	0.869872
8.5784	7.89528
8.99997	9.21087
1	0.941449
1.00002	1.00033
1.00343	0.89308
1	1.0816
9	9.04743
8.9463	8.68212
1	0.886833
9	9.13179
9	9.0671
4.34881	4.22367


test data
expected	elaborated
===========================
6.76234	6.37122
8.99988	9.24247
9	9.02461
8.42279	7.31439
1	1.0876
1.00039	0.926101
9	8.91631
1	1.03907
9	9.13816
1.50865	2.51332
8.99985	9.31588
1	0.936324
1	1.05841
9	8.89712
1	0.93811
1.11973	1.59815
1	1.03265
1	0.872438
1	0.995252
8.99919	9.33539
8.99537	9.2258
7.11028	5.9447
1	0.864494
9	8.83428
1.01403	0.960026
1	0.931081
1	1.3326
8.0091	6.66961
9	9.06162
2.66075	3.73748
1.00002	0.848816
1	1.10631
1	0.931327
8.99999	9.24223
9	8.83526
8.9995	9.19789
1.00001	0.851432
9	8.84585
8.8585	8.50878
8.999	9.00748
5.95057	3.08709
9	9.23577
8.97885	7.67593
8.99999	9.04501
1	1.06209
8.99997	9.21513
1.00019	0.969211
1.15143	1.72314
7.88116	6.70718
9	9.10674
1.00215	0.918437
1.64433	1.77693
9	9.28035
9	8.96242
1	0.983624
1.09103	1.34337
8.48751	8.01783
9	8.85707
1.00046	0.901002
9	9.05906
1	0.918376
1	0.984269
1	0.899826
1	1.02799
9	9.18883
1.09087	1.2381
8.96577	9.05631
1.77896	2.61857
9	9.15141
1.00002	0.877493
1	1.01045
5.37811	5.50808
1	1.05011
1	1.00498
3.13478	3.65761
1	0.872817
9	9.08144
1.00176	0.859227
1	1.04895
6.06233	5.81531
1	0.970201
1.0104	1.44447
9	9.06837
9	9.15118
9	8.97419
1.01162	1.73751
6.49186	6.17744
9	9.18334
1	0.849978
1.00001	0.836971
1.10966	1.53876
1	1.311
9	9.04056
8.99999	9.06967
1.00013	1.33533
1.00075	1.1226
1	1.00237
1	0.896583
8.13598	7.42674
7.82703	5.70598
