EXPERIMENT
==========
2023-10-03 19:53:30

Mamdami-Assilan neuro-fuzzy system with gaussian fuzzy sets in premises and product t-norm
MA
number of rules:     4
number of clustering iterations: 1000
number of tuning interations:    1000
learning coefficient: 0.0005
partitioner: fcm
train data file: C:/Users/kwnuk/source/repos/vnuczek/neuro-fuzzy-library/data/exp-lab/train.txt
test  data file: C:/Users/kwnuk/source/repos/vnuczek/neuro-fuzzy-library/data/exp-lab/test.txt
normalisation:   false
RMSE for train data: 0.538142
RMSE for test data:  0.716401
MAE  for train data: 0.458397
MAE  for test data:  0.517469
fuzzy rule base creation time: 1552 [ms]


fuzzy rule base
RULE 1

rule
t-norm: product t-norm
premise: 
premise
desciptors
1: 
descriptor: gaussian
   c == 10.5075
   s == 2.79908

2: 
descriptor: gaussian
   c == 9.71614
   s == 2.51631


consequence: 
(0.2078, 1.15386, 2.09993)
quality: -1

RULE 2

rule
t-norm: product t-norm
premise: 
premise
desciptors
1: 
descriptor: gaussian
   c == 9.88444
   s == 2.93917

2: 
descriptor: gaussian
   c == -0.965221
   s == 1.13915


consequence: 
(6.91058, 8.48031, 10.05)
quality: -1

RULE 3

rule
t-norm: product t-norm
premise: 
premise
desciptors
1: 
descriptor: gaussian
   c == -0.553383
   s == 1.1603

2: 
descriptor: gaussian
   c == -0.468676
   s == 1.6025


consequence: 
(-0.120279, 1.76316, 3.6466)
quality: -1

RULE 4

rule
t-norm: product t-norm
premise: 
premise
desciptors
1: 
descriptor: gaussian
   c == -1.34363
   s == 1.28735

2: 
descriptor: gaussian
   c == 9.78473
   s == 2.95529


consequence: 
(7.26807, 8.64179, 10.0155)
quality: -1




train data
expected	elaborated
===========================
9	8.64075
9	8.6417
8.99909	8.47381
1.00148	1.83205
1	1.79418
8.99945	8.47298
1	1.15386
1.3369	2.16309
8.99894	8.45489
1	1.15386
9	8.48026
8.99755	8.58151
9	8.64149
1.23	2.2213
8.99992	8.473
1	1.15386
1	1.15386
8.77177	7.98935
6.41724	6.09868
1	1.15386
1	1.15386
9	8.64012
9	8.64153
1.4865	1.53734
1	1.15386
1.00019	1.81728
2.62244	3.61552
1.0813	1.15741
1	1.80071
9	8.64134
8.99998	8.47581
9	8.64162
1	1.15386
9	8.48024
9	8.64173
1.00017	1.15693
8.27446	7.49292
9	8.48023
8.95605	8.28115
8.9944	8.42614
1.00006	1.15459
7.95099	7.28028
8.56425	7.59743
8.99999	8.63919
9	8.48021
9	8.47991
1.89493	2.21152
8.99797	8.59278
9	8.64129
8.24969	7.64114
6.25655	5.50212
1.00878	1.20633
9	8.63919
1	1.15386
3.33438	3.3455
3.31678	4.50154
9	8.64167
1.04735	1.91664
1	1.7785
1	1.77055
1	1.15386
1	1.15386
1	1.77988
1	1.15386
9	8.64176
8.99987	8.47005
1.1597	1.98713
1	1.15386
1.00001	1.87615
9	8.48026
8.99996	8.63128
9	8.64159
9	8.63413
1	1.15386
8.98843	8.51803
1	1.15386
1	1.15386
8.05521	7.10671
9	8.64164
1.00001	1.15391
1	1.90479
1	1.77629
4.06323	5.0832
1.00046	1.84054
1	1.15386
1	1.15386
7.05361	6.951
1	1.15388
8.5784	7.92248
8.99997	8.54754
1	1.15386
1.00002	1.15392
1.00343	1.16492
1	1.77043
9	8.48021
8.9463	8.04714
1	1.15393
9	8.47844
9	8.48008
4.34881	4.07557


test data
expected	elaborated
===========================
6.76234	6.90062
8.99988	8.63048
9	8.48022
8.42279	6.79092
1	1.15386
1.00039	1.15512
9	8.64169
1	1.15386
9	8.64091
1.50865	2.4549
8.99985	8.47817
1	1.15386
1	1.15386
9	8.64171
1	1.15386
1.11973	1.37548
1	1.15386
1	1.15386
1	1.15387
8.99919	8.60764
8.99537	8.4481
7.11028	5.52923
1	1.15393
9	8.48022
1.01403	1.22975
1	1.15386
1	1.76949
8.0091	6.84715
9	8.62755
2.66075	3.56191
1.00002	1.15413
1	1.82567
1	1.15386
8.99999	8.63513
9	8.64055
8.9995	8.46244
1.00001	1.15389
9	8.48024
8.8585	7.97508
8.999	8.45172
5.95057	2.87796
9	8.47991
8.97885	6.91563
8.99999	8.62073
1	1.82847
8.99997	8.47456
1.00019	1.15438
1.15143	1.98394
7.88116	6.28997
9	8.4802
1.00215	1.1764
1.64433	2.20392
9	8.63575
9	8.48022
1	1.15386
1.09103	1.50919
8.48751	7.63424
9	8.48024
1.00046	1.1604
9	8.48016
1	1.15386
1	1.77424
1	1.15387
1	1.15386
9	8.63895
1.09087	1.46355
8.96577	8.44418
1.77896	2.6465
9	8.64069
1.00002	1.15415
1	1.15386
5.37811	5.90792
1	1.15386
1	1.15386
3.13478	4.02457
1	1.15387
9	8.48022
1.00176	1.16855
1	1.15386
6.06233	6.02813
1	1.15386
1.0104	1.82137
9	8.48025
9	8.6402
9	8.48024
1.01162	2.30434
6.49186	6.64993
9	8.48006
1	1.15388
1.00001	1.80869
1.10966	1.50584
1	1.76538
9	8.64149
8.99999	8.61711
1.00013	1.77213
1.00075	1.84509
1	1.15386
1	1.15386
8.13598	7.69291
7.82703	5.27092
